<?xml version="1.0"?>
<opencv_storage>
<H13 type_id="opencv-matrix">
  <rows>3</rows>
  <cols>3</cols>
  <dt>d</dt>
  <data>
	5.21148930e-01  1.66063979e-01  1.32248473e+02
	-1.55129543e-01  8.83558356e-01  3.55521662e+01
	-4.72645256e-04  3.19480493e-04   1.0000000e+00 </data></H13>
</opencv_storage>
